(kicad_pcb (version 20171130) (host pcbnew 5.0.0-fee4fd1~66~ubuntu18.04.1)

  (general
    (thickness 1.6)
    (drawings 0)
    (tracks 0)
    (zones 0)
    (modules 58)
    (nets 162)
  )

  (page A4)
  (layers
    (0 F.Cu signal)
    (31 B.Cu signal)
    (32 B.Adhes user)
    (33 F.Adhes user)
    (34 B.Paste user)
    (35 F.Paste user)
    (36 B.SilkS user)
    (37 F.SilkS user)
    (38 B.Mask user)
    (39 F.Mask user)
    (40 Dwgs.User user)
    (41 Cmts.User user)
    (42 Eco1.User user)
    (43 Eco2.User user)
    (44 Edge.Cuts user)
    (45 Margin user)
    (46 B.CrtYd user)
    (47 F.CrtYd user)
    (48 B.Fab user)
    (49 F.Fab user)
  )

  (setup
    (last_trace_width 0.25)
    (trace_clearance 0.2)
    (zone_clearance 0.508)
    (zone_45_only no)
    (trace_min 0.2)
    (segment_width 0.2)
    (edge_width 0.15)
    (via_size 0.8)
    (via_drill 0.4)
    (via_min_size 0.4)
    (via_min_drill 0.3)
    (uvia_size 0.3)
    (uvia_drill 0.1)
    (uvias_allowed no)
    (uvia_min_size 0.2)
    (uvia_min_drill 0.1)
    (pcb_text_width 0.3)
    (pcb_text_size 1.5 1.5)
    (mod_edge_width 0.15)
    (mod_text_size 1 1)
    (mod_text_width 0.15)
    (pad_size 1.524 1.524)
    (pad_drill 0.762)
    (pad_to_mask_clearance 0.2)
    (aux_axis_origin 0 0)
    (visible_elements FFFDFF7F)
    (pcbplotparams
      (layerselection 0x010fc_ffffffff)
      (usegerberextensions false)
      (usegerberattributes false)
      (usegerberadvancedattributes false)
      (creategerberjobfile false)
      (excludeedgelayer true)
      (linewidth 0.100000)
      (plotframeref false)
      (viasonmask false)
      (mode 1)
      (useauxorigin false)
      (hpglpennumber 1)
      (hpglpenspeed 20)
      (hpglpendiameter 15.000000)
      (psnegative false)
      (psa4output false)
      (plotreference true)
      (plotvalue true)
      (plotinvisibletext false)
      (padsonsilk false)
      (subtractmaskfromsilk false)
      (outputformat 1)
      (mirror false)
      (drillshape 1)
      (scaleselection 1)
      (outputdirectory ""))
  )

  (net 0 "")
  (net 1 GND)
  (net 2 +3V3)
  (net 3 /AVDD_DEC)
  (net 4 /DEC)
  (net 5 "Net-(D1-Pad2)")
  (net 6 "Net-(D2-Pad2)")
  (net 7 "Net-(D3-Pad2)")
  (net 8 "Net-(D4-Pad2)")
  (net 9 "Net-(J1-Pad2)")
  (net 10 "Net-(J1-Pad3)")
  (net 11 "Net-(J1-Pad5)")
  (net 12 /JTAG/SWDIO)
  (net 13 /JTAG/SWCLK)
  (net 14 "Net-(J1-Pad11)")
  (net 15 /JTAG/SWO)
  (net 16 /MCU_RST)
  (net 17 "Net-(J1-Pad17)")
  (net 18 "Net-(J1-Pad19)")
  (net 19 /SPI/MISO)
  (net 20 /SPI/SCLK)
  (net 21 /SPI/SS)
  (net 22 "Net-(J2-Pad4)")
  (net 23 /SPI/MOSI)
  (net 24 "Net-(J2-Pad6)")
  (net 25 "Net-(JP1-Pad1)")
  (net 26 "Net-(JP1-Pad2)")
  (net 27 "Net-(JP1-Pad3)")
  (net 28 "Net-(JP1-Pad4)")
  (net 29 "Net-(JP1-Pad5)")
  (net 30 "Net-(JP1-Pad6)")
  (net 31 "Net-(JP2-Pad1)")
  (net 32 "Net-(JP2-Pad2)")
  (net 33 "Net-(JP2-Pad3)")
  (net 34 "Net-(JP2-Pad4)")
  (net 35 "Net-(JP2-Pad5)")
  (net 36 "Net-(JP2-Pad6)")
  (net 37 "Net-(JP2-Pad7)")
  (net 38 "Net-(JP2-Pad8)")
  (net 39 "Net-(JP3-Pad8)")
  (net 40 "Net-(JP3-Pad7)")
  (net 41 "Net-(JP3-Pad6)")
  (net 42 "Net-(JP3-Pad5)")
  (net 43 "Net-(JP3-Pad4)")
  (net 44 "Net-(JP3-Pad3)")
  (net 45 "Net-(JP3-Pad2)")
  (net 46 "Net-(JP3-Pad1)")
  (net 47 "Net-(JP4-Pad1)")
  (net 48 "Net-(JP4-Pad2)")
  (net 49 /PYNQ-DEBUG/SW_2)
  (net 50 /PYNQ-DEBUG/SW_1)
  (net 51 /PYNQ-DEBUG/LED_2)
  (net 52 /PYNQ-DEBUG/LED_1)
  (net 53 /PYNQ_TX)
  (net 54 /PYNQ_RX)
  (net 55 /PYNQ_SCL)
  (net 56 /PYNQ_SDA)
  (net 57 "Net-(JP5-Pad3)")
  (net 58 "Net-(JP5-Pad4)")
  (net 59 "Net-(JP5-Pad5)")
  (net 60 "Net-(JP5-Pad6)")
  (net 61 "Net-(JP5-Pad7)")
  (net 62 "Net-(JP5-Pad8)")
  (net 63 "Net-(JP5-Pad9)")
  (net 64 "Net-(JP5-Pad10)")
  (net 65 "Net-(JP6-Pad1)")
  (net 66 "Net-(JP6-Pad2)")
  (net 67 "Net-(JP6-Pad3)")
  (net 68 "Net-(JP6-Pad4)")
  (net 69 "Net-(JP6-Pad5)")
  (net 70 "Net-(JP6-Pad6)")
  (net 71 "Net-(JP7-Pad1)")
  (net 72 "Net-(JP7-Pad2)")
  (net 73 "Net-(JP7-Pad3)")
  (net 74 "Net-(JP7-Pad4)")
  (net 75 "Net-(JP8-Pad6)")
  (net 76 "Net-(JP8-Pad5)")
  (net 77 "Net-(JP8-Pad4)")
  (net 78 "Net-(JP8-Pad3)")
  (net 79 "Net-(JP8-Pad2)")
  (net 80 "Net-(JP8-Pad1)")
  (net 81 "Net-(JP9-Pad8)")
  (net 82 "Net-(JP9-Pad7)")
  (net 83 "Net-(JP9-Pad6)")
  (net 84 VCC)
  (net 85 "Net-(JP9-Pad1)")
  (net 86 "Net-(L1-Pad2)")
  (net 87 /OLD-SONAR/TRIG_1)
  (net 88 "Net-(Q1-Pad3)")
  (net 89 /OLD-SONAR/ECHO_1)
  (net 90 "Net-(Q2-Pad3)")
  (net 91 "Net-(Q3-Pad3)")
  (net 92 /OLD-SONAR/TRIG_2)
  (net 93 "Net-(Q4-Pad3)")
  (net 94 /OLD-SONAR/ECHO_2)
  (net 95 /EFM_DEBUG/SW_1)
  (net 96 /EFM_DEBUG/SW_2)
  (net 97 /EFM_DEBUG/LED_1)
  (net 98 /EFM_DEBUG/LED_2)
  (net 99 "Net-(U1-Pad5)")
  (net 100 "Net-(U1-Pad6)")
  (net 101 "Net-(U1-Pad7)")
  (net 102 "Net-(U1-Pad15)")
  (net 103 "Net-(U1-Pad18)")
  (net 104 "Net-(U1-Pad19)")
  (net 105 "Net-(U1-Pad20)")
  (net 106 "Net-(U1-Pad21)")
  (net 107 "Net-(U1-Pad22)")
  (net 108 "Net-(U1-Pad23)")
  (net 109 "Net-(U1-Pad24)")
  (net 110 "Net-(U1-Pad25)")
  (net 111 "Net-(U1-Pad30)")
  (net 112 "Net-(U1-Pad33)")
  (net 113 "Net-(U1-Pad34)")
  (net 114 "Net-(U1-Pad35)")
  (net 115 "Net-(U1-Pad37)")
  (net 116 "Net-(U1-Pad38)")
  (net 117 "Net-(U1-Pad42)")
  (net 118 /CLOCK/HFXTAL_N)
  (net 119 "Net-(U1-Pad46)")
  (net 120 "Net-(U1-Pad47)")
  (net 121 "Net-(U1-Pad48)")
  (net 122 "Net-(U1-Pad49)")
  (net 123 "Net-(U1-Pad50)")
  (net 124 /LIDAR/MOTO_CTRL)
  (net 125 /IMU/SDA)
  (net 126 /IMU/SCL)
  (net 127 /IMU/RST)
  (net 128 "Net-(U1-Pad55)")
  (net 129 "Net-(U1-Pad56)")
  (net 130 /LIDAR/RX)
  (net 131 /LIDAR/TX)
  (net 132 "Net-(U1-Pad68)")
  (net 133 "Net-(U1-Pad69)")
  (net 134 "Net-(U1-Pad70)")
  (net 135 "Net-(U1-Pad71)")
  (net 136 "Net-(U1-Pad72)")
  (net 137 "Net-(U1-Pad73)")
  (net 138 "Net-(U1-Pad74)")
  (net 139 "Net-(U1-Pad75)")
  (net 140 "Net-(U1-Pad79)")
  (net 141 "Net-(U1-Pad80)")
  (net 142 "Net-(U1-Pad81)")
  (net 143 "Net-(U1-Pad84)")
  (net 144 "Net-(U1-Pad85)")
  (net 145 "Net-(U1-Pad86)")
  (net 146 "Net-(U1-Pad87)")
  (net 147 "Net-(U1-Pad88)")
  (net 148 "Net-(U1-Pad93)")
  (net 149 "Net-(U1-Pad94)")
  (net 150 "Net-(U1-Pad95)")
  (net 151 "Net-(U1-Pad96)")
  (net 152 "Net-(U1-Pad97)")
  (net 153 "Net-(U1-Pad98)")
  (net 154 "Net-(U1-Pad99)")
  (net 155 "Net-(U1-Pad100)")
  (net 156 "Net-(U2-PadNC1)")
  (net 157 "Net-(U3-Pad10)")
  (net 158 "Net-(U3-Pad9)")
  (net 159 "Net-(U3-Pad8)")
  (net 160 "Net-(U3-Pad7)")
  (net 161 "Net-(U3-Pad5)")

  (net_class Default "This is the default net class."
    (clearance 0.2)
    (trace_width 0.25)
    (via_dia 0.8)
    (via_drill 0.4)
    (uvia_dia 0.3)
    (uvia_drill 0.1)
    (add_net +3V3)
    (add_net /AVDD_DEC)
    (add_net /CLOCK/HFXTAL_N)
    (add_net /DEC)
    (add_net /EFM_DEBUG/LED_1)
    (add_net /EFM_DEBUG/LED_2)
    (add_net /EFM_DEBUG/SW_1)
    (add_net /EFM_DEBUG/SW_2)
    (add_net /IMU/RST)
    (add_net /IMU/SCL)
    (add_net /IMU/SDA)
    (add_net /JTAG/SWCLK)
    (add_net /JTAG/SWDIO)
    (add_net /JTAG/SWO)
    (add_net /LIDAR/MOTO_CTRL)
    (add_net /LIDAR/RX)
    (add_net /LIDAR/TX)
    (add_net /MCU_RST)
    (add_net /OLD-SONAR/ECHO_1)
    (add_net /OLD-SONAR/ECHO_2)
    (add_net /OLD-SONAR/TRIG_1)
    (add_net /OLD-SONAR/TRIG_2)
    (add_net /PYNQ-DEBUG/LED_1)
    (add_net /PYNQ-DEBUG/LED_2)
    (add_net /PYNQ-DEBUG/SW_1)
    (add_net /PYNQ-DEBUG/SW_2)
    (add_net /PYNQ_RX)
    (add_net /PYNQ_SCL)
    (add_net /PYNQ_SDA)
    (add_net /PYNQ_TX)
    (add_net /SPI/MISO)
    (add_net /SPI/MOSI)
    (add_net /SPI/SCLK)
    (add_net /SPI/SS)
    (add_net GND)
    (add_net "Net-(D1-Pad2)")
    (add_net "Net-(D2-Pad2)")
    (add_net "Net-(D3-Pad2)")
    (add_net "Net-(D4-Pad2)")
    (add_net "Net-(J1-Pad11)")
    (add_net "Net-(J1-Pad17)")
    (add_net "Net-(J1-Pad19)")
    (add_net "Net-(J1-Pad2)")
    (add_net "Net-(J1-Pad3)")
    (add_net "Net-(J1-Pad5)")
    (add_net "Net-(J2-Pad4)")
    (add_net "Net-(J2-Pad6)")
    (add_net "Net-(JP1-Pad1)")
    (add_net "Net-(JP1-Pad2)")
    (add_net "Net-(JP1-Pad3)")
    (add_net "Net-(JP1-Pad4)")
    (add_net "Net-(JP1-Pad5)")
    (add_net "Net-(JP1-Pad6)")
    (add_net "Net-(JP2-Pad1)")
    (add_net "Net-(JP2-Pad2)")
    (add_net "Net-(JP2-Pad3)")
    (add_net "Net-(JP2-Pad4)")
    (add_net "Net-(JP2-Pad5)")
    (add_net "Net-(JP2-Pad6)")
    (add_net "Net-(JP2-Pad7)")
    (add_net "Net-(JP2-Pad8)")
    (add_net "Net-(JP3-Pad1)")
    (add_net "Net-(JP3-Pad2)")
    (add_net "Net-(JP3-Pad3)")
    (add_net "Net-(JP3-Pad4)")
    (add_net "Net-(JP3-Pad5)")
    (add_net "Net-(JP3-Pad6)")
    (add_net "Net-(JP3-Pad7)")
    (add_net "Net-(JP3-Pad8)")
    (add_net "Net-(JP4-Pad1)")
    (add_net "Net-(JP4-Pad2)")
    (add_net "Net-(JP5-Pad10)")
    (add_net "Net-(JP5-Pad3)")
    (add_net "Net-(JP5-Pad4)")
    (add_net "Net-(JP5-Pad5)")
    (add_net "Net-(JP5-Pad6)")
    (add_net "Net-(JP5-Pad7)")
    (add_net "Net-(JP5-Pad8)")
    (add_net "Net-(JP5-Pad9)")
    (add_net "Net-(JP6-Pad1)")
    (add_net "Net-(JP6-Pad2)")
    (add_net "Net-(JP6-Pad3)")
    (add_net "Net-(JP6-Pad4)")
    (add_net "Net-(JP6-Pad5)")
    (add_net "Net-(JP6-Pad6)")
    (add_net "Net-(JP7-Pad1)")
    (add_net "Net-(JP7-Pad2)")
    (add_net "Net-(JP7-Pad3)")
    (add_net "Net-(JP7-Pad4)")
    (add_net "Net-(JP8-Pad1)")
    (add_net "Net-(JP8-Pad2)")
    (add_net "Net-(JP8-Pad3)")
    (add_net "Net-(JP8-Pad4)")
    (add_net "Net-(JP8-Pad5)")
    (add_net "Net-(JP8-Pad6)")
    (add_net "Net-(JP9-Pad1)")
    (add_net "Net-(JP9-Pad6)")
    (add_net "Net-(JP9-Pad7)")
    (add_net "Net-(JP9-Pad8)")
    (add_net "Net-(L1-Pad2)")
    (add_net "Net-(Q1-Pad3)")
    (add_net "Net-(Q2-Pad3)")
    (add_net "Net-(Q3-Pad3)")
    (add_net "Net-(Q4-Pad3)")
    (add_net "Net-(U1-Pad100)")
    (add_net "Net-(U1-Pad15)")
    (add_net "Net-(U1-Pad18)")
    (add_net "Net-(U1-Pad19)")
    (add_net "Net-(U1-Pad20)")
    (add_net "Net-(U1-Pad21)")
    (add_net "Net-(U1-Pad22)")
    (add_net "Net-(U1-Pad23)")
    (add_net "Net-(U1-Pad24)")
    (add_net "Net-(U1-Pad25)")
    (add_net "Net-(U1-Pad30)")
    (add_net "Net-(U1-Pad33)")
    (add_net "Net-(U1-Pad34)")
    (add_net "Net-(U1-Pad35)")
    (add_net "Net-(U1-Pad37)")
    (add_net "Net-(U1-Pad38)")
    (add_net "Net-(U1-Pad42)")
    (add_net "Net-(U1-Pad46)")
    (add_net "Net-(U1-Pad47)")
    (add_net "Net-(U1-Pad48)")
    (add_net "Net-(U1-Pad49)")
    (add_net "Net-(U1-Pad5)")
    (add_net "Net-(U1-Pad50)")
    (add_net "Net-(U1-Pad55)")
    (add_net "Net-(U1-Pad56)")
    (add_net "Net-(U1-Pad6)")
    (add_net "Net-(U1-Pad68)")
    (add_net "Net-(U1-Pad69)")
    (add_net "Net-(U1-Pad7)")
    (add_net "Net-(U1-Pad70)")
    (add_net "Net-(U1-Pad71)")
    (add_net "Net-(U1-Pad72)")
    (add_net "Net-(U1-Pad73)")
    (add_net "Net-(U1-Pad74)")
    (add_net "Net-(U1-Pad75)")
    (add_net "Net-(U1-Pad79)")
    (add_net "Net-(U1-Pad80)")
    (add_net "Net-(U1-Pad81)")
    (add_net "Net-(U1-Pad84)")
    (add_net "Net-(U1-Pad85)")
    (add_net "Net-(U1-Pad86)")
    (add_net "Net-(U1-Pad87)")
    (add_net "Net-(U1-Pad88)")
    (add_net "Net-(U1-Pad93)")
    (add_net "Net-(U1-Pad94)")
    (add_net "Net-(U1-Pad95)")
    (add_net "Net-(U1-Pad96)")
    (add_net "Net-(U1-Pad97)")
    (add_net "Net-(U1-Pad98)")
    (add_net "Net-(U1-Pad99)")
    (add_net "Net-(U2-PadNC1)")
    (add_net "Net-(U3-Pad10)")
    (add_net "Net-(U3-Pad5)")
    (add_net "Net-(U3-Pad7)")
    (add_net "Net-(U3-Pad8)")
    (add_net "Net-(U3-Pad9)")
    (add_net VCC)
  )

  (module Connector_Multicomp:Multicomp_MC9A12-2034_2x10_P2.54mm_Vertical (layer F.Cu) (tedit 5A16A5B2) (tstamp 5BB847F1)
    (at 62.23 91.948 90)
    (descr http://www.farnell.com/datasheets/1520732.pdf)
    (tags "connector multicomp MC9A MC9A12")
    (path /5BAAE19A/5BAAE2EF)
    (fp_text reference J1 (at -3 -7 90) (layer F.SilkS)
      (effects (font (size 1 1) (thickness 0.15)))
    )
    (fp_text value Conn_02x10_Odd_Even (at 11.43 5 90) (layer F.Fab)
      (effects (font (size 1 1) (thickness 0.15)))
    )
    (fp_line (start 28.45 3.7) (end -5.55 3.7) (layer F.CrtYd) (width 0.05))
    (fp_line (start 28.45 -6.25) (end 28.45 3.7) (layer F.CrtYd) (width 0.05))
    (fp_line (start -5.55 -6.25) (end 28.45 -6.25) (layer F.CrtYd) (width 0.05))
    (fp_line (start -5.55 3.7) (end -5.55 -6.25) (layer F.CrtYd) (width 0.05))
    (fp_line (start -1.6 0) (end -2.2 0.6) (layer F.SilkS) (width 0.15))
    (fp_line (start -2.2 -0.6) (end -1.6 0) (layer F.SilkS) (width 0.15))
    (fp_line (start -2.2 0.6) (end -2.2 -0.6) (layer F.SilkS) (width 0.15))
    (fp_line (start -2.65 -5.84) (end -2.15 -5.84) (layer F.SilkS) (width 0.15))
    (fp_line (start -2.15 -5.94) (end -2.15 -5.74) (layer F.SilkS) (width 0.15))
    (fp_line (start -2.65 -5.94) (end -2.15 -5.94) (layer F.SilkS) (width 0.15))
    (fp_line (start -2.65 -5.74) (end -2.65 -5.94) (layer F.SilkS) (width 0.15))
    (fp_line (start 25.01 -5.84) (end 25.51 -5.84) (layer F.SilkS) (width 0.15))
    (fp_line (start 25.51 -5.94) (end 25.51 -5.74) (layer F.SilkS) (width 0.15))
    (fp_line (start 25.01 -5.94) (end 25.51 -5.94) (layer F.SilkS) (width 0.15))
    (fp_line (start 25.01 -5.74) (end 25.01 -5.94) (layer F.SilkS) (width 0.15))
    (fp_line (start 11.18 -5.84) (end 11.68 -5.84) (layer F.SilkS) (width 0.15))
    (fp_line (start 11.68 -5.94) (end 11.68 -5.74) (layer F.SilkS) (width 0.15))
    (fp_line (start 11.18 -5.94) (end 11.68 -5.94) (layer F.SilkS) (width 0.15))
    (fp_line (start 11.18 -5.74) (end 11.18 -5.94) (layer F.SilkS) (width 0.15))
    (fp_line (start 13.655 1.9) (end 13.655 3.2) (layer F.SilkS) (width 0.15))
    (fp_line (start 26.73 1.9) (end 13.655 1.9) (layer F.SilkS) (width 0.15))
    (fp_line (start 26.73 -4.44) (end 26.73 1.9) (layer F.SilkS) (width 0.15))
    (fp_line (start -3.87 -4.44) (end 26.73 -4.44) (layer F.SilkS) (width 0.15))
    (fp_line (start -3.87 1.9) (end -3.87 -4.44) (layer F.SilkS) (width 0.15))
    (fp_line (start 9.205 1.9) (end -3.87 1.9) (layer F.SilkS) (width 0.15))
    (fp_line (start 9.205 3.2) (end 9.205 1.9) (layer F.SilkS) (width 0.15))
    (fp_line (start 27.93 3.2) (end -5.07 3.2) (layer F.SilkS) (width 0.15))
    (fp_line (start 27.93 -5.74) (end 27.93 3.2) (layer F.SilkS) (width 0.15))
    (fp_line (start -5.07 -5.74) (end 27.93 -5.74) (layer F.SilkS) (width 0.15))
    (fp_line (start -5.07 3.2) (end -5.07 -5.74) (layer F.SilkS) (width 0.15))
    (fp_text user %R (at 11.43 -1.27 90) (layer F.Fab)
      (effects (font (size 1 1) (thickness 0.15)))
    )
    (pad 20 thru_hole circle (at 22.86 -2.54 90) (size 1.7 1.7) (drill 1) (layers *.Cu *.Mask)
      (net 1 GND))
    (pad 19 thru_hole circle (at 22.86 0 90) (size 1.7 1.7) (drill 1) (layers *.Cu *.Mask)
      (net 18 "Net-(J1-Pad19)"))
    (pad 18 thru_hole circle (at 20.32 -2.54 90) (size 1.7 1.7) (drill 1) (layers *.Cu *.Mask)
      (net 1 GND))
    (pad 17 thru_hole circle (at 20.32 0 90) (size 1.7 1.7) (drill 1) (layers *.Cu *.Mask)
      (net 17 "Net-(J1-Pad17)"))
    (pad 16 thru_hole circle (at 17.78 -2.54 90) (size 1.7 1.7) (drill 1) (layers *.Cu *.Mask)
      (net 1 GND))
    (pad 15 thru_hole circle (at 17.78 0 90) (size 1.7 1.7) (drill 1) (layers *.Cu *.Mask)
      (net 16 /MCU_RST))
    (pad 14 thru_hole circle (at 15.24 -2.54 90) (size 1.7 1.7) (drill 1) (layers *.Cu *.Mask)
      (net 1 GND))
    (pad 13 thru_hole circle (at 15.24 0 90) (size 1.7 1.7) (drill 1) (layers *.Cu *.Mask)
      (net 15 /JTAG/SWO))
    (pad 12 thru_hole circle (at 12.7 -2.54 90) (size 1.7 1.7) (drill 1) (layers *.Cu *.Mask)
      (net 1 GND))
    (pad 11 thru_hole circle (at 12.7 0 90) (size 1.7 1.7) (drill 1) (layers *.Cu *.Mask)
      (net 14 "Net-(J1-Pad11)"))
    (pad 10 thru_hole circle (at 10.16 -2.54 90) (size 1.7 1.7) (drill 1) (layers *.Cu *.Mask)
      (net 1 GND))
    (pad 9 thru_hole circle (at 10.16 0 90) (size 1.7 1.7) (drill 1) (layers *.Cu *.Mask)
      (net 13 /JTAG/SWCLK))
    (pad 8 thru_hole circle (at 7.62 -2.54 90) (size 1.7 1.7) (drill 1) (layers *.Cu *.Mask)
      (net 1 GND))
    (pad 7 thru_hole circle (at 7.62 0 90) (size 1.7 1.7) (drill 1) (layers *.Cu *.Mask)
      (net 12 /JTAG/SWDIO))
    (pad 6 thru_hole circle (at 5.08 -2.54 90) (size 1.7 1.7) (drill 1) (layers *.Cu *.Mask)
      (net 1 GND))
    (pad 5 thru_hole circle (at 5.08 0 90) (size 1.7 1.7) (drill 1) (layers *.Cu *.Mask)
      (net 11 "Net-(J1-Pad5)"))
    (pad 4 thru_hole circle (at 2.54 -2.54 90) (size 1.7 1.7) (drill 1) (layers *.Cu *.Mask)
      (net 1 GND))
    (pad 3 thru_hole circle (at 2.54 0 90) (size 1.7 1.7) (drill 1) (layers *.Cu *.Mask)
      (net 10 "Net-(J1-Pad3)"))
    (pad 2 thru_hole circle (at 0 -2.54 90) (size 1.7 1.7) (drill 1) (layers *.Cu *.Mask)
      (net 9 "Net-(J1-Pad2)"))
    (pad 1 thru_hole rect (at 0 0 90) (size 1.7 1.7) (drill 1) (layers *.Cu *.Mask)
      (net 2 +3V3))
    (model ${KISYS3DMOD}/Connector_Multicomp.3dshapes/Multicomp_MC9A12-2034_2x10_P2.54mm_Vertical.wrl
      (at (xyz 0 0 0))
      (scale (xyz 1 1 1))
      (rotate (xyz 0 0 0))
    )
  )

  (module Capacitor_SMD:C_0603_1608Metric_Pad1.05x0.95mm_HandSolder (layer B.Cu) (tedit 5B301BBE) (tstamp 5BB846B3)
    (at 104.648 92.964)
    (descr "Capacitor SMD 0603 (1608 Metric), square (rectangular) end terminal, IPC_7351 nominal with elongated pad for handsoldering. (Body size source: http://www.tortai-tech.com/upload/download/2011102023233369053.pdf), generated with kicad-footprint-generator")
    (tags "capacitor handsolder")
    (path /5BA5978A/5BA59925)
    (attr smd)
    (fp_text reference C1 (at 0 1.43) (layer B.SilkS)
      (effects (font (size 1 1) (thickness 0.15)) (justify mirror))
    )
    (fp_text value 100n (at 0 -1.43) (layer B.Fab)
      (effects (font (size 1 1) (thickness 0.15)) (justify mirror))
    )
    (fp_text user %R (at 0 0) (layer B.Fab)
      (effects (font (size 0.4 0.4) (thickness 0.06)) (justify mirror))
    )
    (fp_line (start 1.65 -0.73) (end -1.65 -0.73) (layer B.CrtYd) (width 0.05))
    (fp_line (start 1.65 0.73) (end 1.65 -0.73) (layer B.CrtYd) (width 0.05))
    (fp_line (start -1.65 0.73) (end 1.65 0.73) (layer B.CrtYd) (width 0.05))
    (fp_line (start -1.65 -0.73) (end -1.65 0.73) (layer B.CrtYd) (width 0.05))
    (fp_line (start -0.171267 -0.51) (end 0.171267 -0.51) (layer B.SilkS) (width 0.12))
    (fp_line (start -0.171267 0.51) (end 0.171267 0.51) (layer B.SilkS) (width 0.12))
    (fp_line (start 0.8 -0.4) (end -0.8 -0.4) (layer B.Fab) (width 0.1))
    (fp_line (start 0.8 0.4) (end 0.8 -0.4) (layer B.Fab) (width 0.1))
    (fp_line (start -0.8 0.4) (end 0.8 0.4) (layer B.Fab) (width 0.1))
    (fp_line (start -0.8 -0.4) (end -0.8 0.4) (layer B.Fab) (width 0.1))
    (pad 2 smd roundrect (at 0.875 0) (size 1.05 0.95) (layers B.Cu B.Paste B.Mask) (roundrect_rratio 0.25)
      (net 1 GND))
    (pad 1 smd roundrect (at -0.875 0) (size 1.05 0.95) (layers B.Cu B.Paste B.Mask) (roundrect_rratio 0.25)
      (net 2 +3V3))
    (model ${KISYS3DMOD}/Capacitor_SMD.3dshapes/C_0603_1608Metric.wrl
      (at (xyz 0 0 0))
      (scale (xyz 1 1 1))
      (rotate (xyz 0 0 0))
    )
  )

  (module Capacitor_SMD:C_0603_1608Metric_Pad1.05x0.95mm_HandSolder (layer B.Cu) (tedit 5B301BBE) (tstamp 5BB846C4)
    (at 104.535 90.678)
    (descr "Capacitor SMD 0603 (1608 Metric), square (rectangular) end terminal, IPC_7351 nominal with elongated pad for handsoldering. (Body size source: http://www.tortai-tech.com/upload/download/2011102023233369053.pdf), generated with kicad-footprint-generator")
    (tags "capacitor handsolder")
    (path /5BA5978A/5BB284D9)
    (attr smd)
    (fp_text reference C2 (at 0 1.43) (layer B.SilkS)
      (effects (font (size 1 1) (thickness 0.15)) (justify mirror))
    )
    (fp_text value 10nF (at 0 -1.43) (layer B.Fab)
      (effects (font (size 1 1) (thickness 0.15)) (justify mirror))
    )
    (fp_text user %R (at 0 0) (layer B.Fab)
      (effects (font (size 0.4 0.4) (thickness 0.06)) (justify mirror))
    )
    (fp_line (start 1.65 -0.73) (end -1.65 -0.73) (layer B.CrtYd) (width 0.05))
    (fp_line (start 1.65 0.73) (end 1.65 -0.73) (layer B.CrtYd) (width 0.05))
    (fp_line (start -1.65 0.73) (end 1.65 0.73) (layer B.CrtYd) (width 0.05))
    (fp_line (start -1.65 -0.73) (end -1.65 0.73) (layer B.CrtYd) (width 0.05))
    (fp_line (start -0.171267 -0.51) (end 0.171267 -0.51) (layer B.SilkS) (width 0.12))
    (fp_line (start -0.171267 0.51) (end 0.171267 0.51) (layer B.SilkS) (width 0.12))
    (fp_line (start 0.8 -0.4) (end -0.8 -0.4) (layer B.Fab) (width 0.1))
    (fp_line (start 0.8 0.4) (end 0.8 -0.4) (layer B.Fab) (width 0.1))
    (fp_line (start -0.8 0.4) (end 0.8 0.4) (layer B.Fab) (width 0.1))
    (fp_line (start -0.8 -0.4) (end -0.8 0.4) (layer B.Fab) (width 0.1))
    (pad 2 smd roundrect (at 0.875 0) (size 1.05 0.95) (layers B.Cu B.Paste B.Mask) (roundrect_rratio 0.25)
      (net 1 GND))
    (pad 1 smd roundrect (at -0.875 0) (size 1.05 0.95) (layers B.Cu B.Paste B.Mask) (roundrect_rratio 0.25)
      (net 3 /AVDD_DEC))
    (model ${KISYS3DMOD}/Capacitor_SMD.3dshapes/C_0603_1608Metric.wrl
      (at (xyz 0 0 0))
      (scale (xyz 1 1 1))
      (rotate (xyz 0 0 0))
    )
  )

  (module Capacitor_SMD:C_0603_1608Metric_Pad1.05x0.95mm_HandSolder (layer B.Cu) (tedit 5B301BBE) (tstamp 5BB846D5)
    (at 100.725 78.74)
    (descr "Capacitor SMD 0603 (1608 Metric), square (rectangular) end terminal, IPC_7351 nominal with elongated pad for handsoldering. (Body size source: http://www.tortai-tech.com/upload/download/2011102023233369053.pdf), generated with kicad-footprint-generator")
    (tags "capacitor handsolder")
    (path /5BA5978A/5BA59950)
    (attr smd)
    (fp_text reference C3 (at 0 1.43) (layer B.SilkS)
      (effects (font (size 1 1) (thickness 0.15)) (justify mirror))
    )
    (fp_text value 100n (at 0 -1.43) (layer B.Fab)
      (effects (font (size 1 1) (thickness 0.15)) (justify mirror))
    )
    (fp_line (start -0.8 -0.4) (end -0.8 0.4) (layer B.Fab) (width 0.1))
    (fp_line (start -0.8 0.4) (end 0.8 0.4) (layer B.Fab) (width 0.1))
    (fp_line (start 0.8 0.4) (end 0.8 -0.4) (layer B.Fab) (width 0.1))
    (fp_line (start 0.8 -0.4) (end -0.8 -0.4) (layer B.Fab) (width 0.1))
    (fp_line (start -0.171267 0.51) (end 0.171267 0.51) (layer B.SilkS) (width 0.12))
    (fp_line (start -0.171267 -0.51) (end 0.171267 -0.51) (layer B.SilkS) (width 0.12))
    (fp_line (start -1.65 -0.73) (end -1.65 0.73) (layer B.CrtYd) (width 0.05))
    (fp_line (start -1.65 0.73) (end 1.65 0.73) (layer B.CrtYd) (width 0.05))
    (fp_line (start 1.65 0.73) (end 1.65 -0.73) (layer B.CrtYd) (width 0.05))
    (fp_line (start 1.65 -0.73) (end -1.65 -0.73) (layer B.CrtYd) (width 0.05))
    (fp_text user %R (at 0 0) (layer B.Fab)
      (effects (font (size 0.4 0.4) (thickness 0.06)) (justify mirror))
    )
    (pad 1 smd roundrect (at -0.875 0) (size 1.05 0.95) (layers B.Cu B.Paste B.Mask) (roundrect_rratio 0.25)
      (net 2 +3V3))
    (pad 2 smd roundrect (at 0.875 0) (size 1.05 0.95) (layers B.Cu B.Paste B.Mask) (roundrect_rratio 0.25)
      (net 1 GND))
    (model ${KISYS3DMOD}/Capacitor_SMD.3dshapes/C_0603_1608Metric.wrl
      (at (xyz 0 0 0))
      (scale (xyz 1 1 1))
      (rotate (xyz 0 0 0))
    )
  )

  (module Capacitor_SMD:C_0603_1608Metric_Pad1.05x0.95mm_HandSolder (layer B.Cu) (tedit 5B301BBE) (tstamp 5BB846E6)
    (at 100.725 81.28)
    (descr "Capacitor SMD 0603 (1608 Metric), square (rectangular) end terminal, IPC_7351 nominal with elongated pad for handsoldering. (Body size source: http://www.tortai-tech.com/upload/download/2011102023233369053.pdf), generated with kicad-footprint-generator")
    (tags "capacitor handsolder")
    (path /5BA5978A/5BA5996E)
    (attr smd)
    (fp_text reference C4 (at 0 1.43) (layer B.SilkS)
      (effects (font (size 1 1) (thickness 0.15)) (justify mirror))
    )
    (fp_text value 100n (at 0 -1.43) (layer B.Fab)
      (effects (font (size 1 1) (thickness 0.15)) (justify mirror))
    )
    (fp_text user %R (at 0 0) (layer B.Fab)
      (effects (font (size 0.4 0.4) (thickness 0.06)) (justify mirror))
    )
    (fp_line (start 1.65 -0.73) (end -1.65 -0.73) (layer B.CrtYd) (width 0.05))
    (fp_line (start 1.65 0.73) (end 1.65 -0.73) (layer B.CrtYd) (width 0.05))
    (fp_line (start -1.65 0.73) (end 1.65 0.73) (layer B.CrtYd) (width 0.05))
    (fp_line (start -1.65 -0.73) (end -1.65 0.73) (layer B.CrtYd) (width 0.05))
    (fp_line (start -0.171267 -0.51) (end 0.171267 -0.51) (layer B.SilkS) (width 0.12))
    (fp_line (start -0.171267 0.51) (end 0.171267 0.51) (layer B.SilkS) (width 0.12))
    (fp_line (start 0.8 -0.4) (end -0.8 -0.4) (layer B.Fab) (width 0.1))
    (fp_line (start 0.8 0.4) (end 0.8 -0.4) (layer B.Fab) (width 0.1))
    (fp_line (start -0.8 0.4) (end 0.8 0.4) (layer B.Fab) (width 0.1))
    (fp_line (start -0.8 -0.4) (end -0.8 0.4) (layer B.Fab) (width 0.1))
    (pad 2 smd roundrect (at 0.875 0) (size 1.05 0.95) (layers B.Cu B.Paste B.Mask) (roundrect_rratio 0.25)
      (net 1 GND))
    (pad 1 smd roundrect (at -0.875 0) (size 1.05 0.95) (layers B.Cu B.Paste B.Mask) (roundrect_rratio 0.25)
      (net 2 +3V3))
    (model ${KISYS3DMOD}/Capacitor_SMD.3dshapes/C_0603_1608Metric.wrl
      (at (xyz 0 0 0))
      (scale (xyz 1 1 1))
      (rotate (xyz 0 0 0))
    )
  )

  (module Capacitor_SMD:C_0603_1608Metric_Pad1.05x0.95mm_HandSolder (layer B.Cu) (tedit 5B301BBE) (tstamp 5BB846F7)
    (at 104.535 86.614)
    (descr "Capacitor SMD 0603 (1608 Metric), square (rectangular) end terminal, IPC_7351 nominal with elongated pad for handsoldering. (Body size source: http://www.tortai-tech.com/upload/download/2011102023233369053.pdf), generated with kicad-footprint-generator")
    (tags "capacitor handsolder")
    (path /5BA5978A/5BB2844D)
    (attr smd)
    (fp_text reference C5 (at 0 1.43) (layer B.SilkS)
      (effects (font (size 1 1) (thickness 0.15)) (justify mirror))
    )
    (fp_text value 10nF (at 0 -1.43) (layer B.Fab)
      (effects (font (size 1 1) (thickness 0.15)) (justify mirror))
    )
    (fp_line (start -0.8 -0.4) (end -0.8 0.4) (layer B.Fab) (width 0.1))
    (fp_line (start -0.8 0.4) (end 0.8 0.4) (layer B.Fab) (width 0.1))
    (fp_line (start 0.8 0.4) (end 0.8 -0.4) (layer B.Fab) (width 0.1))
    (fp_line (start 0.8 -0.4) (end -0.8 -0.4) (layer B.Fab) (width 0.1))
    (fp_line (start -0.171267 0.51) (end 0.171267 0.51) (layer B.SilkS) (width 0.12))
    (fp_line (start -0.171267 -0.51) (end 0.171267 -0.51) (layer B.SilkS) (width 0.12))
    (fp_line (start -1.65 -0.73) (end -1.65 0.73) (layer B.CrtYd) (width 0.05))
    (fp_line (start -1.65 0.73) (end 1.65 0.73) (layer B.CrtYd) (width 0.05))
    (fp_line (start 1.65 0.73) (end 1.65 -0.73) (layer B.CrtYd) (width 0.05))
    (fp_line (start 1.65 -0.73) (end -1.65 -0.73) (layer B.CrtYd) (width 0.05))
    (fp_text user %R (at 0 0) (layer B.Fab)
      (effects (font (size 0.4 0.4) (thickness 0.06)) (justify mirror))
    )
    (pad 1 smd roundrect (at -0.875 0) (size 1.05 0.95) (layers B.Cu B.Paste B.Mask) (roundrect_rratio 0.25)
      (net 3 /AVDD_DEC))
    (pad 2 smd roundrect (at 0.875 0) (size 1.05 0.95) (layers B.Cu B.Paste B.Mask) (roundrect_rratio 0.25)
      (net 1 GND))
    (model ${KISYS3DMOD}/Capacitor_SMD.3dshapes/C_0603_1608Metric.wrl
      (at (xyz 0 0 0))
      (scale (xyz 1 1 1))
      (rotate (xyz 0 0 0))
    )
  )

  (module Capacitor_SMD:C_0603_1608Metric_Pad1.05x0.95mm_HandSolder (layer B.Cu) (tedit 5B301BBE) (tstamp 5BABA82B)
    (at 100.725 83.82)
    (descr "Capacitor SMD 0603 (1608 Metric), square (rectangular) end terminal, IPC_7351 nominal with elongated pad for handsoldering. (Body size source: http://www.tortai-tech.com/upload/download/2011102023233369053.pdf), generated with kicad-footprint-generator")
    (tags "capacitor handsolder")
    (path /5BA5978A/5BA599BB)
    (attr smd)
    (fp_text reference C6 (at 0 1.43) (layer B.SilkS)
      (effects (font (size 1 1) (thickness 0.15)) (justify mirror))
    )
    (fp_text value 100n (at 0 -1.43) (layer B.Fab)
      (effects (font (size 1 1) (thickness 0.15)) (justify mirror))
    )
    (fp_line (start -0.8 -0.4) (end -0.8 0.4) (layer B.Fab) (width 0.1))
    (fp_line (start -0.8 0.4) (end 0.8 0.4) (layer B.Fab) (width 0.1))
    (fp_line (start 0.8 0.4) (end 0.8 -0.4) (layer B.Fab) (width 0.1))
    (fp_line (start 0.8 -0.4) (end -0.8 -0.4) (layer B.Fab) (width 0.1))
    (fp_line (start -0.171267 0.51) (end 0.171267 0.51) (layer B.SilkS) (width 0.12))
    (fp_line (start -0.171267 -0.51) (end 0.171267 -0.51) (layer B.SilkS) (width 0.12))
    (fp_line (start -1.65 -0.73) (end -1.65 0.73) (layer B.CrtYd) (width 0.05))
    (fp_line (start -1.65 0.73) (end 1.65 0.73) (layer B.CrtYd) (width 0.05))
    (fp_line (start 1.65 0.73) (end 1.65 -0.73) (layer B.CrtYd) (width 0.05))
    (fp_line (start 1.65 -0.73) (end -1.65 -0.73) (layer B.CrtYd) (width 0.05))
    (fp_text user %R (at 0 0) (layer B.Fab)
      (effects (font (size 0.4 0.4) (thickness 0.06)) (justify mirror))
    )
    (pad 1 smd roundrect (at -0.875 0) (size 1.05 0.95) (layers B.Cu B.Paste B.Mask) (roundrect_rratio 0.25)
      (net 2 +3V3))
    (pad 2 smd roundrect (at 0.875 0) (size 1.05 0.95) (layers B.Cu B.Paste B.Mask) (roundrect_rratio 0.25)
      (net 1 GND))
    (model ${KISYS3DMOD}/Capacitor_SMD.3dshapes/C_0603_1608Metric.wrl
      (at (xyz 0 0 0))
      (scale (xyz 1 1 1))
      (rotate (xyz 0 0 0))
    )
  )

  (module Capacitor_SMD:C_0603_1608Metric_Pad1.05x0.95mm_HandSolder (layer B.Cu) (tedit 5B301BBE) (tstamp 5BB84719)
    (at 104.535 88.646)
    (descr "Capacitor SMD 0603 (1608 Metric), square (rectangular) end terminal, IPC_7351 nominal with elongated pad for handsoldering. (Body size source: http://www.tortai-tech.com/upload/download/2011102023233369053.pdf), generated with kicad-footprint-generator")
    (tags "capacitor handsolder")
    (path /5BA5978A/5BB28370)
    (attr smd)
    (fp_text reference C7 (at 0 1.43) (layer B.SilkS)
      (effects (font (size 1 1) (thickness 0.15)) (justify mirror))
    )
    (fp_text value 1uF (at 0 -1.43) (layer B.Fab)
      (effects (font (size 1 1) (thickness 0.15)) (justify mirror))
    )
    (fp_text user %R (at 0 0) (layer B.Fab)
      (effects (font (size 0.4 0.4) (thickness 0.06)) (justify mirror))
    )
    (fp_line (start 1.65 -0.73) (end -1.65 -0.73) (layer B.CrtYd) (width 0.05))
    (fp_line (start 1.65 0.73) (end 1.65 -0.73) (layer B.CrtYd) (width 0.05))
    (fp_line (start -1.65 0.73) (end 1.65 0.73) (layer B.CrtYd) (width 0.05))
    (fp_line (start -1.65 -0.73) (end -1.65 0.73) (layer B.CrtYd) (width 0.05))
    (fp_line (start -0.171267 -0.51) (end 0.171267 -0.51) (layer B.SilkS) (width 0.12))
    (fp_line (start -0.171267 0.51) (end 0.171267 0.51) (layer B.SilkS) (width 0.12))
    (fp_line (start 0.8 -0.4) (end -0.8 -0.4) (layer B.Fab) (width 0.1))
    (fp_line (start 0.8 0.4) (end 0.8 -0.4) (layer B.Fab) (width 0.1))
    (fp_line (start -0.8 0.4) (end 0.8 0.4) (layer B.Fab) (width 0.1))
    (fp_line (start -0.8 -0.4) (end -0.8 0.4) (layer B.Fab) (width 0.1))
    (pad 2 smd roundrect (at 0.875 0) (size 1.05 0.95) (layers B.Cu B.Paste B.Mask) (roundrect_rratio 0.25)
      (net 1 GND))
    (pad 1 smd roundrect (at -0.875 0) (size 1.05 0.95) (layers B.Cu B.Paste B.Mask) (roundrect_rratio 0.25)
      (net 3 /AVDD_DEC))
    (model ${KISYS3DMOD}/Capacitor_SMD.3dshapes/C_0603_1608Metric.wrl
      (at (xyz 0 0 0))
      (scale (xyz 1 1 1))
      (rotate (xyz 0 0 0))
    )
  )

  (module Capacitor_SMD:C_0603_1608Metric_Pad1.05x0.95mm_HandSolder (layer B.Cu) (tedit 5B301BBE) (tstamp 5BB8472A)
    (at 100.725 76.2)
    (descr "Capacitor SMD 0603 (1608 Metric), square (rectangular) end terminal, IPC_7351 nominal with elongated pad for handsoldering. (Body size source: http://www.tortai-tech.com/upload/download/2011102023233369053.pdf), generated with kicad-footprint-generator")
    (tags "capacitor handsolder")
    (path /5BA5978A/5BA599F7)
    (attr smd)
    (fp_text reference C8 (at 0 1.43) (layer B.SilkS)
      (effects (font (size 1 1) (thickness 0.15)) (justify mirror))
    )
    (fp_text value 100n (at 0 -1.43) (layer B.Fab)
      (effects (font (size 1 1) (thickness 0.15)) (justify mirror))
    )
    (fp_line (start -0.8 -0.4) (end -0.8 0.4) (layer B.Fab) (width 0.1))
    (fp_line (start -0.8 0.4) (end 0.8 0.4) (layer B.Fab) (width 0.1))
    (fp_line (start 0.8 0.4) (end 0.8 -0.4) (layer B.Fab) (width 0.1))
    (fp_line (start 0.8 -0.4) (end -0.8 -0.4) (layer B.Fab) (width 0.1))
    (fp_line (start -0.171267 0.51) (end 0.171267 0.51) (layer B.SilkS) (width 0.12))
    (fp_line (start -0.171267 -0.51) (end 0.171267 -0.51) (layer B.SilkS) (width 0.12))
    (fp_line (start -1.65 -0.73) (end -1.65 0.73) (layer B.CrtYd) (width 0.05))
    (fp_line (start -1.65 0.73) (end 1.65 0.73) (layer B.CrtYd) (width 0.05))
    (fp_line (start 1.65 0.73) (end 1.65 -0.73) (layer B.CrtYd) (width 0.05))
    (fp_line (start 1.65 -0.73) (end -1.65 -0.73) (layer B.CrtYd) (width 0.05))
    (fp_text user %R (at 0 0) (layer B.Fab)
      (effects (font (size 0.4 0.4) (thickness 0.06)) (justify mirror))
    )
    (pad 1 smd roundrect (at -0.875 0) (size 1.05 0.95) (layers B.Cu B.Paste B.Mask) (roundrect_rratio 0.25)
      (net 2 +3V3))
    (pad 2 smd roundrect (at 0.875 0) (size 1.05 0.95) (layers B.Cu B.Paste B.Mask) (roundrect_rratio 0.25)
      (net 1 GND))
    (model ${KISYS3DMOD}/Capacitor_SMD.3dshapes/C_0603_1608Metric.wrl
      (at (xyz 0 0 0))
      (scale (xyz 1 1 1))
      (rotate (xyz 0 0 0))
    )
  )

  (module Capacitor_SMD:C_0603_1608Metric_Pad1.05x0.95mm_HandSolder (layer B.Cu) (tedit 5B301BBE) (tstamp 5BB8473B)
    (at 100.584 86.614)
    (descr "Capacitor SMD 0603 (1608 Metric), square (rectangular) end terminal, IPC_7351 nominal with elongated pad for handsoldering. (Body size source: http://www.tortai-tech.com/upload/download/2011102023233369053.pdf), generated with kicad-footprint-generator")
    (tags "capacitor handsolder")
    (path /5BA5978A/5BA59A1B)
    (attr smd)
    (fp_text reference C9 (at 0 1.43) (layer B.SilkS)
      (effects (font (size 1 1) (thickness 0.15)) (justify mirror))
    )
    (fp_text value 10u (at 0 -1.43) (layer B.Fab)
      (effects (font (size 1 1) (thickness 0.15)) (justify mirror))
    )
    (fp_line (start -0.8 -0.4) (end -0.8 0.4) (layer B.Fab) (width 0.1))
    (fp_line (start -0.8 0.4) (end 0.8 0.4) (layer B.Fab) (width 0.1))
    (fp_line (start 0.8 0.4) (end 0.8 -0.4) (layer B.Fab) (width 0.1))
    (fp_line (start 0.8 -0.4) (end -0.8 -0.4) (layer B.Fab) (width 0.1))
    (fp_line (start -0.171267 0.51) (end 0.171267 0.51) (layer B.SilkS) (width 0.12))
    (fp_line (start -0.171267 -0.51) (end 0.171267 -0.51) (layer B.SilkS) (width 0.12))
    (fp_line (start -1.65 -0.73) (end -1.65 0.73) (layer B.CrtYd) (width 0.05))
    (fp_line (start -1.65 0.73) (end 1.65 0.73) (layer B.CrtYd) (width 0.05))
    (fp_line (start 1.65 0.73) (end 1.65 -0.73) (layer B.CrtYd) (width 0.05))
    (fp_line (start 1.65 -0.73) (end -1.65 -0.73) (layer B.CrtYd) (width 0.05))
    (fp_text user %R (at 0 0) (layer B.Fab)
      (effects (font (size 0.4 0.4) (thickness 0.06)) (justify mirror))
    )
    (pad 1 smd roundrect (at -0.875 0) (size 1.05 0.95) (layers B.Cu B.Paste B.Mask) (roundrect_rratio 0.25)
      (net 2 +3V3))
    (pad 2 smd roundrect (at 0.875 0) (size 1.05 0.95) (layers B.Cu B.Paste B.Mask) (roundrect_rratio 0.25)
      (net 1 GND))
    (model ${KISYS3DMOD}/Capacitor_SMD.3dshapes/C_0603_1608Metric.wrl
      (at (xyz 0 0 0))
      (scale (xyz 1 1 1))
      (rotate (xyz 0 0 0))
    )
  )

  (module Capacitor_SMD:C_0603_1608Metric_Pad1.05x0.95mm_HandSolder (layer B.Cu) (tedit 5B301BBE) (tstamp 5BB8474C)
    (at 104.535 84.836 180)
    (descr "Capacitor SMD 0603 (1608 Metric), square (rectangular) end terminal, IPC_7351 nominal with elongated pad for handsoldering. (Body size source: http://www.tortai-tech.com/upload/download/2011102023233369053.pdf), generated with kicad-footprint-generator")
    (tags "capacitor handsolder")
    (path /5BA5978A/5BB31FC4)
    (attr smd)
    (fp_text reference C10 (at 0 1.43 180) (layer B.SilkS)
      (effects (font (size 1 1) (thickness 0.15)) (justify mirror))
    )
    (fp_text value 1uF (at 0 -1.43 180) (layer B.Fab)
      (effects (font (size 1 1) (thickness 0.15)) (justify mirror))
    )
    (fp_text user %R (at 0 0 180) (layer B.Fab)
      (effects (font (size 0.4 0.4) (thickness 0.06)) (justify mirror))
    )
    (fp_line (start 1.65 -0.73) (end -1.65 -0.73) (layer B.CrtYd) (width 0.05))
    (fp_line (start 1.65 0.73) (end 1.65 -0.73) (layer B.CrtYd) (width 0.05))
    (fp_line (start -1.65 0.73) (end 1.65 0.73) (layer B.CrtYd) (width 0.05))
    (fp_line (start -1.65 -0.73) (end -1.65 0.73) (layer B.CrtYd) (width 0.05))
    (fp_line (start -0.171267 -0.51) (end 0.171267 -0.51) (layer B.SilkS) (width 0.12))
    (fp_line (start -0.171267 0.51) (end 0.171267 0.51) (layer B.SilkS) (width 0.12))
    (fp_line (start 0.8 -0.4) (end -0.8 -0.4) (layer B.Fab) (width 0.1))
    (fp_line (start 0.8 0.4) (end 0.8 -0.4) (layer B.Fab) (width 0.1))
    (fp_line (start -0.8 0.4) (end 0.8 0.4) (layer B.Fab) (width 0.1))
    (fp_line (start -0.8 -0.4) (end -0.8 0.4) (layer B.Fab) (width 0.1))
    (pad 2 smd roundrect (at 0.875 0 180) (size 1.05 0.95) (layers B.Cu B.Paste B.Mask) (roundrect_rratio 0.25)
      (net 4 /DEC))
    (pad 1 smd roundrect (at -0.875 0 180) (size 1.05 0.95) (layers B.Cu B.Paste B.Mask) (roundrect_rratio 0.25)
      (net 1 GND))
    (model ${KISYS3DMOD}/Capacitor_SMD.3dshapes/C_0603_1608Metric.wrl
      (at (xyz 0 0 0))
      (scale (xyz 1 1 1))
      (rotate (xyz 0 0 0))
    )
  )

  (module LED_SMD:LED_0603_1608Metric_Pad1.05x0.95mm_HandSolder (layer F.Cu) (tedit 5B4B45C9) (tstamp 5BB8475F)
    (at 132.983 58.674 180)
    (descr "LED SMD 0603 (1608 Metric), square (rectangular) end terminal, IPC_7351 nominal, (Body size source: http://www.tortai-tech.com/upload/download/2011102023233369053.pdf), generated with kicad-footprint-generator")
    (tags "LED handsolder")
    (path /5BA41DB8/5BA41E18)
    (attr smd)
    (fp_text reference D1 (at 0 -1.43 180) (layer F.SilkS)
      (effects (font (size 1 1) (thickness 0.15)))
    )
    (fp_text value LED (at 0 1.43 180) (layer F.Fab)
      (effects (font (size 1 1) (thickness 0.15)))
    )
    (fp_line (start 0.8 -0.4) (end -0.5 -0.4) (layer F.Fab) (width 0.1))
    (fp_line (start -0.5 -0.4) (end -0.8 -0.1) (layer F.Fab) (width 0.1))
    (fp_line (start -0.8 -0.1) (end -0.8 0.4) (layer F.Fab) (width 0.1))
    (fp_line (start -0.8 0.4) (end 0.8 0.4) (layer F.Fab) (width 0.1))
    (fp_line (start 0.8 0.4) (end 0.8 -0.4) (layer F.Fab) (width 0.1))
    (fp_line (start 0.8 -0.735) (end -1.66 -0.735) (layer F.SilkS) (width 0.12))
    (fp_line (start -1.66 -0.735) (end -1.66 0.735) (layer F.SilkS) (width 0.12))
    (fp_line (start -1.66 0.735) (end 0.8 0.735) (layer F.SilkS) (width 0.12))
    (fp_line (start -1.65 0.73) (end -1.65 -0.73) (layer F.CrtYd) (width 0.05))
    (fp_line (start -1.65 -0.73) (end 1.65 -0.73) (layer F.CrtYd) (width 0.05))
    (fp_line (start 1.65 -0.73) (end 1.65 0.73) (layer F.CrtYd) (width 0.05))
    (fp_line (start 1.65 0.73) (end -1.65 0.73) (layer F.CrtYd) (width 0.05))
    (fp_text user %R (at 0 0 180) (layer F.Fab)
      (effects (font (size 0.4 0.4) (thickness 0.06)))
    )
    (pad 1 smd roundrect (at -0.875 0 180) (size 1.05 0.95) (layers F.Cu F.Paste F.Mask) (roundrect_rratio 0.25)
      (net 1 GND))
    (pad 2 smd roundrect (at 0.875 0 180) (size 1.05 0.95) (layers F.Cu F.Paste F.Mask) (roundrect_rratio 0.25)
      (net 5 "Net-(D1-Pad2)"))
    (model ${KISYS3DMOD}/LED_SMD.3dshapes/LED_0603_1608Metric.wrl
      (at (xyz 0 0 0))
      (scale (xyz 1 1 1))
      (rotate (xyz 0 0 0))
    )
  )

  (module LED_SMD:LED_0603_1608Metric_Pad1.05x0.95mm_HandSolder (layer F.Cu) (tedit 5B4B45C9) (tstamp 5BB84772)
    (at 132.983 54.61)
    (descr "LED SMD 0603 (1608 Metric), square (rectangular) end terminal, IPC_7351 nominal, (Body size source: http://www.tortai-tech.com/upload/download/2011102023233369053.pdf), generated with kicad-footprint-generator")
    (tags "LED handsolder")
